function data_cell = funct_donnee_test()
    
 D2 = [458.96, 223.08;
        522.00, 69.49;
        235.98, 122.48;
        59.98, 245.48;
        185.71, 421.51;
        351.89, 440.48];

 D3 = [4,0,2;
        6,0,5;
        0,3,4;
        0,7,2;
        5,6,0;
        7,4,0];

D2 = [D2'; 1,1,1,1,1,1];
D3 = [D3'; 1,1,1,1,1,1];

MP21 = [ 427.81 36.01 ;
         116.45 98.02 ;                 %matrice de points en 2D
            1   1   ];

MP31 = [ 3 0  ;
         0 7 ; 
         4 5  ;
         1 1  ];  

MP22 = [ 451.48 240.49 258.94 400.48 130.50 323.56;
         10.50  168.49 350.45  64.47 36.50 413.45;
           1    1   1   1   1   1 
    ];

MP32 = [ 4 0 3 2 0 6;
         0 3 4 0 5 4;
         6 3 0 5 6 0;
         1 1 1 1 1 1 ]; 

MP23 = [ 290.51 151.47 258.57 351.93 461.49 520.96;
         246.49 183.52 350.53 375.50 272.50 5.97;
             1    1   1   1   1   1 
    ];


MP33 = [ 0 0 3 5 4 6;
         2 5 4 3 0 0;
         1 3 0 0 1 6
         1 1 1 1 1 1 ]; 


data_cell = {{D2,D3},{MP21,MP31},{MP22,MP32}, {MP23,MP33}};
end 






